0.0000 0.0000 0.0000 0.0000 0.0023 0.0070 0.0000 0.0046 0.0023 0.0046 0.0000 0.0000 0.0000 0.0000 0.0093 0.0023 0.0000 0.0023 0.0000 0.0000 0.0070 0.0000 0.0000 0.0000 0.0000 0.0023 0.0000 0.0023 0.0000 0.0000 0.0000 0.0046 0.0023 0.0023 0.0046 0.0023 0.0000 0.0070 0.0116 0.0000 0.0023 0.0000 0.0046 0.0000 0.0000 0.0000 0.0023 0.0046 0.0000 0.0000 0.0000 0.0000 0.0000 0.0023 0.0000 0.0023 0.0000 0.0023 0.0023 0.0000 0.0023 0.0000 0.0000 0.0000 0.0000 0.0000 0.0000 0.0070 0.0278 0.0046 0.0023
0.0000 0.0160 0.0000 0.0000 0.0080 0.0000 0.0000 0.0000 0.0160 0.0000 0.0000 0.0040 0.0040 0.0000 0.0040 0.0000 0.0000 0.0000 0.0160 0.0040 0.0240 0.0080 0.0000 0.0000 0.0000 0.0160 0.0000 0.0000 0.0040 0.0000 0.0000 0.0040 0.0000 0.0000 0.0040 0.0000 0.0080 0.0000 0.0840 0.0040 0.0000 0.0000 0.0080 0.0000 0.0080 0.0000 0.0000 0.0760 0.0320 0.0000 0.0000 0.0000 0.0000 0.0000 0.0040 0.0000 0.0000 0.0000 0.0080 0.0000 0.0040 0.0040 0.0000 0.0000 0.0000 0.0040 0.0040 0.0320 0.0040 0.0040 0.0040
0.0000 0.0041 0.0000 0.0000 0.0000 0.0000 0.0000 0.0000 0.0000 0.0000 0.0000 0.0000 0.0000 0.0000 0.0000 0.0000 0.0000 0.0000 0.0000 0.0000 0.0041 0.0000 0.0000 0.0000 0.0000 0.0000 0.0000 0.0000 0.0000 0.0000 0.0000 0.0000 0.0000 0.0000 0.0041 0.0000 0.0000 0.0000 0.0041 0.0000 0.0000 0.0000 0.0041 0.0000 0.0000 0.0000 0.0000 0.0000 0.0000 0.0000 0.0000 0.0000 0.0000 0.0000 0.0000 0.0000 0.0000 0.0000 0.0000 0.0000 0.0000 0.0000 0.0000 0.0000 0.0000 0.0000 0.0000 0.0000 0.0041 0.0041 0.0000
0.0000 0.0000 0.0000 0.0000 0.0000 0.0000 0.0000 0.0000 0.0000 0.0138 0.0000 0.0000 0.0000 0.0000 0.0000 0.0000 0.0000 0.0046 0.0000 0.0000 0.0000 0.0000 0.0000 0.0000 0.0046 0.0000 0.0000 0.0092 0.0000 0.0000 0.0000 0.0092 0.0000 0.0046 0.0046 0.0000 0.0000 0.0046 0.0092 0.0000 0.0000 0.0000 0.0000 0.0000 0.0000 0.0000 0.0000 0.0000 0.0000 0.0000 0.0000 0.0000 0.0000 0.0000 0.0000 0.0000 0.0000 0.0046 0.0000 0.0046 0.0046 0.0000 0.0000 0.0000 0.0000 0.0000 0.0000 0.0000 0.0321 0.0046 0.0000
0.0000 0.0000 0.0000 0.0056 0.0056 0.0000 0.0111 0.0056 0.0111 0.0000 0.0056 0.0000 0.0111 0.0000 0.0000 0.0056 0.0000 0.0056 0.0000 0.0000 0.0111 0.0056 0.0000 0.0111 0.0056 0.0000 0.0000 0.0056 0.0000 0.0000 0.0000 0.0056 0.0056 0.0056 0.0056 0.0000 0.0000 0.0056 0.0000 0.0056 0.0056 0.0056 0.0056 0.0000 0.0056 0.0000 0.0000 0.0222 0.0000 0.0000 0.0056 0.0000 0.0000 0.0000 0.0000 0.0056 0.0000 0.0056 0.0056 0.0000 0.0000 0.0000 0.0000 0.0000 0.0000 0.0000 0.0000 0.0222 0.0667 0.0056 0.0000
0.0000 0.0078 0.0078 0.0078 0.0000 0.0000 0.0156 0.0000 0.0078 0.0000 0.0000 0.0000 0.0078 0.0000 0.0000 0.0078 0.0000 0.0078 0.0156 0.0000 0.0156 0.0000 0.0000 0.0000 0.0000 0.0000 0.0000 0.0000 0.0000 0.0000 0.0000 0.0000 0.0000 0.0156 0.0078 0.0156 0.0000 0.0000 0.0234 0.0000 0.0078 0.0078 0.0234 0.0078 0.0078 0.0078 0.0078 0.0156 0.0078 0.0078 0.0000 0.0000 0.0000 0.0000 0.0000 0.0000 0.0000 0.0078 0.0000 0.0000 0.0078 0.0000 0.0000 0.0156 0.0000 0.0000 0.0000 0.0078 0.0859 0.0000 0.0078
0.0000 0.0294 0.0000 0.0098 0.0000 0.0000 0.0294 0.0000 0.0098 0.0098 0.0000 0.0000 0.0000 0.0098 0.0098 0.0000 0.0000 0.0098 0.0000 0.0098 0.0196 0.0000 0.0098 0.0000 0.0098 0.0000 0.0000 0.0000 0.0098 0.0000 0.0000 0.0196 0.0196 0.0098 0.0098 0.0098 0.0000 0.0000 0.0294 0.0000 0.0098 0.0098 0.0196 0.0000 0.0000 0.0098 0.0098 0.0196 0.0098 0.0000 0.0000 0.0000 0.0098 0.0000 0.0000 0.0098 0.0000 0.0098 0.0196 0.0000 0.0098 0.0000 0.0000 0.0000 0.0000 0.0000 0.0000 0.0294 0.0588 0.0098 0.0000
0.0000 0.0000 0.0000 0.0000 0.0000 0.0000 0.0159 0.0000 0.0000 0.0000 0.0000 0.0000 0.0000 0.0000 0.0000 0.0000 0.0000 0.0000 0.0000 0.0000 0.0317 0.0000 0.0000 0.0000 0.0000 0.0000 0.0000 0.0000 0.0000 0.0000 0.0000 0.0000 0.0000 0.0000 0.0000 0.0000 0.0000 0.0000 0.0159 0.0000 0.0000 0.0000 0.0000 0.0000 0.0000 0.0000 0.0000 0.0159 0.0000 0.0000 0.0000 0.0000 0.0000 0.0000 0.0000 0.0000 0.0000 0.0000 0.0000 0.0000 0.0000 0.0000 0.0000 0.0000 0.0317 0.0000 0.0000 0.0000 0.0000 0.0000 0.0000
0.0149 0.0299 0.0000 0.0000 0.0000 0.0149 0.0149 0.0000 0.0149 0.0149 0.0000 0.0000 0.0000 0.0149 0.0149 0.0149 0.0000 0.0000 0.0149 0.0000 0.0299 0.0000 0.0000 0.0000 0.0149 0.0000 0.0000 0.0149 0.0000 0.0000 0.0000 0.0448 0.0149 0.0149 0.0149 0.0149 0.0149 0.0000 0.0149 0.0299 0.0149 0.0149 0.0149 0.0000 0.0000 0.0149 0.0000 0.0448 0.0000 0.0000 0.0000 0.0000 0.0149 0.0000 0.0000 0.0000 0.0000 0.0299 0.0000 0.0000 0.0149 0.0000 0.0000 0.0000 0.0000 0.0149 0.0000 0.0299 0.1343 0.0149 0.0149
0.0000 0.0000 0.0000 0.0357 0.0179 0.0000 0.0357 0.0000 0.0179 0.0000 0.0000 0.0000 0.0536 0.0000 0.0179 0.0000 0.0000 0.0000 0.0000 0.0000 0.0357 0.0000 0.0000 0.0000 0.0179 0.0179 0.0000 0.0000 0.0179 0.0000 0.0000 0.0357 0.0357 0.0179 0.0179 0.0179 0.0000 0.0179 0.0357 0.0179 0.0179 0.0000 0.0893 0.0000 0.0000 0.0179 0.0000 0.0179 0.0000 0.0000 0.0179 0.0000 0.0000 0.0000 0.0000 0.0000 0.0000 0.0179 0.0179 0.0000 0.0179 0.0000 0.0000 0.0000 0.0179 0.0000 0.0000 0.0536 0.1429 0.0179 0.0357
0.0000 0.0000 0.0000 0.0000 0.0000 0.0000 0.0435 0.0000 0.0000 0.0217 0.0000 0.0000 0.0217 0.0000 0.0000 0.0000 0.0000 0.0000 0.0000 0.0000 0.0435 0.0000 0.0000 0.0000 0.0217 0.0217 0.0000 0.0435 0.0217 0.0000 0.0000 0.0217 0.0217 0.0000 0.0217 0.0000 0.0000 0.0000 0.0435 0.0000 0.0217 0.0000 0.0217 0.0000 0.0000 0.0000 0.0217 0.0000 0.0217 0.0000 0.0000 0.0000 0.0000 0.0000 0.0000 0.0000 0.0000 0.0217 0.0000 0.0000 0.0000 0.0000 0.0000 0.0000 0.0000 0.0000 0.0000 0.0000 0.0435 0.0435 0.0435
0.0000 0.0263 0.0000 0.0000 0.0526 0.0000 0.0000 0.0789 0.0789 0.0000 0.0000 0.0000 0.0526 0.0526 0.0263 0.0000 0.0000 0.0000 0.0000 0.0000 0.0263 0.0263 0.0000 0.0263 0.0263 0.0263 0.0000 0.0000 0.0263 0.0000 0.0000 0.0263 0.0526 0.0000 0.0526 0.0000 0.0000 0.0000 0.0526 0.0000 0.0263 0.0000 0.0526 0.0000 0.0263 0.0263 0.0263 0.0789 0.0000 0.0000 0.0000 0.0000 0.0000 0.0000 0.0000 0.0000 0.0263 0.0263 0.0000 0.0263 0.0000 0.0000 0.0263 0.0263 0.0000 0.0000 0.0000 0.0263 0.1316 0.0526 0.0000
0.0000 0.0000 0.0000 0.0213 0.0426 0.0000 0.0000 0.0000 0.0000 0.0000 0.0000 0.0000 0.0213 0.0000 0.0213 0.0000 0.0426 0.0213 0.0000 0.0000 0.0426 0.0213 0.0000 0.0426 0.0213 0.0000 0.0000 0.0000 0.0000 0.0000 0.0000 0.0426 0.0000 0.0426 0.0426 0.0000 0.0213 0.0000 0.1064 0.0000 0.0213 0.0000 0.0426 0.0000 0.0213 0.0000 0.0000 0.0426 0.0000 0.0213 0.0000 0.0000 0.0213 0.0000 0.0000 0.0213 0.0000 0.0213 0.0213 0.0000 0.0000 0.0000 0.0000 0.0000 0.0000 0.0000 0.0426 0.0213 0.1702 0.0426 0.0213
0.0000 0.0000 0.0000 0.0000 0.0303 0.0303 0.0303 0.0909 0.0303 0.0000 0.0000 0.0000 0.0303 0.0000 0.0000 0.0303 0.0000 0.0303 0.0000 0.0000 0.0000 0.0000 0.0000 0.0000 0.0303 0.0000 0.0000 0.0000 0.0000 0.0000 0.0000 0.0303 0.0303 0.0303 0.0303 0.0000 0.0303 0.0000 0.1212 0.0303 0.0303 0.0303 0.0606 0.0303 0.0909 0.0000 0.0000 0.0606 0.0000 0.0303 0.0000 0.0000 0.0000 0.0000 0.0000 0.0000 0.0606 0.0606 0.0000 0.0000 0.0303 0.0000 0.0000 0.0000 0.0000 0.0303 0.0303 0.0606 0.1515 0.0303 0.0303
