chemical	protein	experimental_direct	experimental_transferred	prediction_direct	prediction_transferred	database_direct	database_transferred	textmining_direct	textmining_transferred	combined_score
CIDm91758680	190486.XAC0787	0	0	0	0	0	0	0	161	161
CIDm91758680	190486.XAC0788	0	0	0	0	0	0	0	187	187
CIDm91758680	190486.XAC1728	0	0	0	0	0	0	0	161	161
CIDm91758680	190486.XAC1855	0	0	0	0	0	0	0	210	210
CIDm91758680	190486.XAC2361	0	0	0	0	0	0	0	161	161
CIDm91758680	190486.XAC2462	0	0	0	0	0	0	0	173	173
CIDm91758680	190486.XAC2928	0	0	0	0	0	0	0	161	161
CIDm91758680	190486.XAC3041	0	0	0	0	0	0	0	161	161
CIDm91758680	190486.XAC3368	0	0	0	0	0	0	0	161	161
CIDm91758680	190486.XAC3634	0	0	0	0	0	0	0	161	161
CIDm91758680	190486.XAC3898	0	0	0	0	0	0	0	161	161
CIDm91758408	190486.XAC1515	0	0	0	0	0	0	0	444	444
CIDm91758408	190486.XAC4294	0	0	0	0	0	0	0	179	179
CIDm91758407	190486.XAC0104	0	0	0	0	0	0	0	155	155
CIDm91758407	190486.XAC0465	0	0	0	0	0	0	0	155	155
CIDm91758406	190486.XAC4294	0	0	0	0	0	0	0	179	179
CIDm91758404	190486.XAC0384	0	0	0	0	0	0	0	213	213
CIDm91758404	190486.XAC0433	0	0	0	0	0	0	0	213	213
CIDm91758404	190486.XAC0440	0	0	0	0	0	0	0	213	213
