1	1	0	0	4000	641	20	[32, 64]	88.97347893915757	66.20398918943799	15.112509048290878
1	1	0	0	4000	641	20	[32, 32]	80.28451638065522	70.51430040792337	10.450965365252577
1	1	0	0	4000	641	20	[32, 64]	87.43697347893915	67.80215886069735	14.071188995162217
1	1	0	0	4000	641	20	[32, 64]	86.46407956318254	68.39252831543733	13.218146483748267
1	1	0	0	4000	641	20	[32, 64]	88.84496879875194	66.6202603564447	15.119452496658322
1	1	1	0	4000	641	20	[32, 32]	93.3394305772231	62.424385711195235	13.840828983415799
1	1	1	0	4000	641	20	[32, 64]	73.19929797191887	62.529997957539265	14.899558271950866
1	1	1	0	4000	641	20	[32, 64]	93.2650546021841	64.8091096352337	18.612994021167573
1	1	1	0	4000	641	20	[32, 128]	74.28155226209049	59.17583712437082	11.091966909010814
1	1	1	0	8000	641	20	[128, 64]	72.40138455538222	63.925791738973274	13.76496849299038
1	1	1	0	5000	641	20	[32, 64]	True	gcn	88.60577223088923	67.27365425908435	14.32133958737786
1	1	1	0	5000	641	20	[32, 64]	True	gat	82.65341653666147	71.68951902442655	12.023236740466208
1	1	1	0	5000	641	20	[64]	True	hinsage	83.18240249609985	70.3261049574585	11.889678629365049
1	1	1	0	5000	641	20	[64, 64, 128]	True	ppnp	89.80439937597505	67.78473023801045	16.75342935113957
1	1	1	0	5000	641	20	[64, 64, 128]	True	appnp	84.35017160686428	71.82130563965359	12.500657359967166
1	1	1	0	5000	641	20	[64, 64, 128]	True	sgc	86.49794071762872	68.45143341460647	13.266681254538303
1	1	1	0	5000	641	20	[32, 64]	True	gcn	59.84106084243369	50.09557661695849	1.477819490236179
1	1	1	0	5000	641	20	[32, 64]	True	gcn	97.11329173166926	56.02340778949615	9.103579796365164
1	1	1	0	5000	641	20	[32, 64]	True	gat	59.770078003120126	50.058171430949436	1.4842042008825973
1	1	1	0	5000	641	20	[32, 64]	True	gat	55.48283931357254	55.93490953097826	7.686434394402285
1	1	1	0	5000	641	20	[64]	True	hinsage	59.76873634945398	50.06219042349086	1.4754766168917652
1	1	1	0	5000	641	20	[64]	True	hinsage	94.0628081123245	63.52312524958412	19.599555889174052
1	1	1	0	5000	641	20	[64, 64, 128]	True	ppnp	21.5391887675507	50.152783509432304	2.9653361160516627
1	1	1	0	5000	641	20	[64, 64, 128]	True	ppnp	77.98492979719188	55.85396150427647	10.046844900528296
1	1	1	0	5000	641	20	[64, 64, 128]	True	appnp	40.71132605304213	50.12606194536512	2.247584692375116
1	1	1	0	5000	641	20	[64, 64, 128]	True	sgc	2.269797191887675	50.179069822894824	3.67670393400439
